Desciptors list:
1.3333333333333333 2.0 2.4444444444444446 0.5042548357902157 0.159973721120165 0.159973721120165 -0.5042548357902157 124.052429496 0 48 101.24000000000002 116.07499999999997
1.3846153846153846 2.0 2.5384615384615383 0.4928696339775421 0.34122603890368697 0.34122603890368697 -0.4928696339775421 182.0579088 0 70 142.48000000000005 172.09499999999997
1.0 1.631578947368421 2.3157894736842106 0.4928696491628367 0.26180856776864586 0.26180856776864586 -0.4928696491628367 257.10519334 0 98 208.75200000000004 242.16899999999995
1.1 1.75 2.45 0.4928696491628366 0.2618876464969931 0.2618876464969931 -0.4928696491628366 275.095771528 0 104 215.40800000000004 261.167
1.15 1.9 2.6 0.4928696491628367 0.2618101623166397 0.2618101623166397 -0.4928696491628367 275.095771528 0 104 214.59200000000004 261.167
1.1 1.75 2.4 0.4928696491628367 0.261808592479442 0.261808592479442 -0.4928696491628367 275.095771528 0 104 215.76800000000006 261.167
1.1 1.75 2.45 0.4928696491628366 0.2618494366642746 0.2618494366642746 -0.4928696491628366 291.066220988 0 104 225.28000000000006 277.62199999999996
1.15 1.9 2.6 0.4928696491628367 0.2618093689764119 0.2618093689764119 -0.4928696491628367 291.066220988 0 104 224.29600000000005 277.622
1.1 1.75 2.4 0.4928696491628367 0.26180858016173425 0.26180858016173425 -0.4928696491628367 291.066220988 0 104 224.03200000000004 277.622
1.1 1.75 2.45 0.49286964916283665 0.26183982705579306 0.26183982705579306 -0.49286964916283665 335.015705408 0 104 228.61600000000004 322.073
1.15 1.9 2.6 0.4928696491628367 0.2618091728477916 0.2618091728477916 -0.4928696491628367 335.015705408 0 104 229.67200000000005 322.073
1.1 1.75 2.4 0.4928696491628367 0.2618085771234315 0.2618085771234315 -0.4928696491628367 335.015705408 0 104 228.82400000000004 322.073
1.1363636363636365 1.7727272727272727 2.4545454545454546 0.49286964916283643 0.2922437168248359 0.2922437168248359 -0.49286964916283643 302.090271548 0 114 235.32800000000006 288.174
1.1818181818181819 1.9090909090909092 2.590909090909091 0.4928696491628367 0.2710035287739329 0.2710035287739329 -0.4928696491628367 302.090271548 0 114 234.57600000000005 288.17400000000004
1.1363636363636365 1.7727272727272727 2.3636363636363638 0.4928696491628367 0.2690754605028657 0.2690754605028657 -0.4928696491628367 302.090271548 0 114 234.54400000000007 288.17400000000004
1.05 1.7 2.4 0.49286964916283665 0.26181641512049997 0.26181641512049997 -0.49286964916283665 271.120843404 0 104 218.81600000000006 254.17999999999995
1.1 1.85 2.55 0.4928696491628367 0.2618087213237789 0.2618087213237789 -0.4928696491628367 271.120843404 0 104 220.70400000000006 254.17999999999995
1.1 1.85 2.55 0.4928696491628367 0.2618087213237789 0.2618087213237789 -0.4928696491628367 271.120843404 0 104 220.56800000000004 254.17999999999995
